nbClients: 10
nbTrips: 2
VehCapacity: 120
ClientDemands: 
10	20	30	10	20	10	20	30	30	30
ServiceTimes: 
0	0	0	0	0	0	0	0	0	0
TravelTimes: 
0	33	54	14	70	92	79	80	61	58	14
33	0	21	18	42	58	49	55	28	27	36
54	21	0	39	37	38	29	40	7	8	57
14	18	39	0	56	77	65	69	46	44	19
70	42	37	56	0	48	59	74	35	44	64
92	58	38	77	48	0	26	42	30	35	94
79	49	29	65	59	26	0	16	26	22	85
80	55	40	69	74	42	16	0	39	32	89
61	28	7	46	35	30	26	39	0	9	63
58	27	8	44	44	35	22	32	9	0	63
14	36	57	19	64	94	85	89	63	63	0
